%YAML:1.0
---
K: !!opencv-matrix
   rows: 3
   cols: 3
   dt: d
   data: [ 3.1378875051445139e+03, 0., 2.0677453935791482e+03, 0.,
       3.1449316731927615e+03, 1.5344779490778799e+03, 0., 0., 1. ]
D: !!opencv-matrix
   rows: 1
   cols: 5
   dt: d
   data: [ 1.0874713830154688e-01, 1.1564398420137659e-01,
       -4.8868624235057796e-03, 3.6202966557694026e-03,
       -9.0710990368833289e-01 ]
